% EVIDENCIA INTEGRADORA DE PROGRAMACIÓN AVANZADA
% INGENIERÍA EN INFORMÁTICA
% 8°A
% PETER SAVIER OROPEZA MARTÍNEZ   OMPI152172
% DIEGO GUSTAVO HURTADO OLIVARES  HODO140402
% FECHA: 11/08/17



function [Problem]=Problem25()
%Columna 1 = numero del estado
%Columna 2 es coordenada en x del cliente
%Columna 3 es coordenada en y del cliente

Problem=...
  [ 1      46.00      60.00          %Aguascalients
    2       5.00      10.00          %Baja California
    3      15.00      40.00          %Baja California Sur
    4      85.00      80.00          %Campeche
    5      80.00      90.00          %Chiapas
    6      32.00      30.00          %Chihuahua
    7      57.00      76.00          %Ciudad de México
    8      45.00      30.00          %Coahuila
    9      40.00      78.50          %Colima
   10      38.00      45.00          %Durango
   11      50.00      69.00          %Guanajuato
   12      55.00      85.00          %Guerrero
   13      58.00      70.00          %Hidalgo
   14      40.00      70.00          %Jalisco
   15      55.00      75.00          %México
   16      50.00      73.00          %Michoacán
   17      58.00      79.00          %Morelos
   18      36.00      61.00          %Nayarit
   19      55.00      40.00          %Nuevo León
   20      65.00      90.00          %Oaxaca
   21      62.00      77.00          %Puebla
   22      53.00      69.00          %Querétaro
   23      95.00      70.00          %Quintana Roo
   24      52.00      60.00          %San Luis Potosí
   25      27.00      40.00          %Sinaloa
   26      20.00      20.00          %Sonora
   27      60.00      80.00          %Tabasco
   28      60.00      50.00          %Tamaulipas
   29      60.00      72.00          %Tlaxcala
   30      65.00      79.00          %Veracruz
   31      90.00      65.00          %Yucatán
   32      45.00      50.00    ];    %Zacatecas